1213.3
1211.45
1209.6
1207.75
1205.9
1204.05
1202.2
1200.35
1198.5
1196.65
1194.8
1192.95
1191.1
1189.25
1187.4
1185.55
1183.7
1181.85
1180
1178.15
1176.3
1174.45
1172.6
1170.75
1168.9
1167.05
1165.2
1163.35
1161.5
1159.65
1157.8
1155.95
1154.1
1152.25
1150.4
1148.55
1146.7
1144.85
1143
1141.15
1139.3
1137.45
1135.6
1133.75
1131.9
1130.05
1128.2
1126.35
1124.5
1122.65
1120.8
1118.95
1117.1
1115.25
1113.4
1111.55
1109.7
1107.85
1106
1104.15
1102.3
1100.45
1098.6
1096.75
1094.9
1093.05
1091.2
1089.35
1087.5
1085.65
1083.8
1081.95
1080.1
1078.25
1076.4
1074.55
1072.7
1070.85
1069
1067.15
1065.3
1063.45
1061.6
1059.75
1057.9
1056.05
1054.2
1052.35
1050.5
1048.65
1046.8
1044.95
1043.1
1041.25
1039.4
1037.55
1035.7
1033.85
1032
1030.15
1028.3
1026.45
1024.6
1022.75
1020.9
1019.05
1017.2
1015.35
1013.5
1011.65
1009.8
1007.95
1006.1
1004.25
1002.4
1000.55
998.7
996.85
995
993.15
991.3
989.45
987.6
985.75
983.9
982.05
980.2
978.35
976.5
974.65
972.8
970.95
969.1
967.25
965.4
963.55
961.7
959.85
958
956.15
954.3
952.45
950.6
948.75
946.9
945.05
943.2
941.35
939.5
937.65
935.8
933.95
932.1
930.25
928.4
926.55
924.7
922.85
921
919.15
917.3
915.45
913.6
911.75
909.9
908.05
906.2
904.35
902.5
900.65
898.8
896.95
895.1
893.25
891.4
889.55
887.7
885.85
884
882.15
880.3
878.45
876.6
874.75
872.9
871.05
869.2
867.35
865.5
863.65
861.8
859.95
858.1
856.25
854.4
852.55
850.7
848.85
847
845.15
843.3
841.45
839.6
837.75
835.9
834.05
832.2
830.35
828.5
826.65
824.8
822.95
821.1
819.25
817.4
815.55
813.7
811.85
810
808.15
806.3
804.45
802.6
800.75
798.9
797.05
795.2
793.35
791.5
789.65
787.8
785.95
784.1
782.25
780.4
778.55
776.7
774.85
773
771.15
769.3
767.45
765.6
763.75
761.9
760.05
758.2
756.35
754.5
752.65
750.8
748.95
747.1
745.25
743.4
741.55
739.7
737.85
736
734.15
732.3
730.45
728.6
726.75
724.9
723.05
721.2
719.35
717.5
715.65
713.8
711.95
710.1
708.25
706.4
704.55
702.7
700.85
699
697.15
695.3
693.45
691.6
689.75
687.9
686.05
684.2
682.35
680.5
678.65
676.8
674.95
673.1
671.25
669.4
667.55
665.7
663.85
662
660.15
658.3
656.45
654.6
652.75
650.9
649.05
647.2
645.35
643.5
641.65
639.8
637.95
636.1
634.25
632.4
630.55
628.7
626.85
625
623.15
621.3
619.45
617.6
615.75
613.9
612.05
610.2
608.35
606.5
604.65
602.8
600.95
599.1
597.25
595.4
593.55
591.7
589.85
588
586.15
584.3
582.45
580.6
578.75
576.9
575.05
573.2
571.35
569.5
567.65
565.8
563.95
562.1
560.25
558.4
556.55
554.7
552.85
551
549.15
547.3
545.45
543.6
541.75
539.9
538.05
536.2
534.35
532.5
530.65
528.8
526.95
525.1
523.25
521.4
519.55
517.7
515.85
514
512.15
510.3
508.45
506.6
504.75
502.9
501.05
499.2
497.35
495.5
493.65
491.8
489.95
488.1
486.25
484.4
482.55
480.7
478.85
477
475.15
473.3
471.45
469.6
467.75
465.9
464.05
462.2
460.35
458.5
456.65
454.8
452.95
451.1
449.25
447.4
445.55
443.7
441.85
440
438.15
436.3
434.45
432.6
430.75
428.9
427.05
425.2
423.35
421.5
419.65
417.8
415.95
414.1
412.25
410.4
408.55
406.7
404.85
403
401.15
399.3
397.45
395.6
393.75
391.9
390.05
388.2
386.35
384.5
382.65
380.8
378.95
377.1
375.25
373.4
371.55
369.7
367.85
366
364.15
362.3
360.45
358.6
356.75
354.9
353.05
351.2
349.35
347.5
345.65
343.8
341.95
340.1
338.25
336.4
334.55
332.7
330.85
329
327.15
325.3
323.45
321.6
319.75
317.9
316.05
314.2
312.35
310.5
308.65
306.8
304.95
303.1
301.25
299.4
297.55
295.7
293.85
292
290.15
288.3
286.45
284.6
282.75
280.9
279.05
277.2
275.35
273.5
271.65
269.8
267.95
266.1
264.25
262.4
260.55
258.7
256.85
255
253.15
251.3
249.45
247.6
245.75
243.9
242.05
240.2
238.35
236.5
234.65
232.8
230.95
229.1
227.25
225.4
223.55
221.7
219.85
218
216.15
214.3
212.45
210.6
208.75
206.9
205.05
203.2
201.35
199.5
197.65
195.8
193.95
192.1
190.25
188.4
186.55
184.7
182.85
181
179.15
177.3
175.45
173.6
171.75
169.9
168.05
166.2
164.35
162.5
160.65
158.8
156.95
155.1
153.25
151.4
149.55
147.7
145.85
144
142.15
140.3
138.45
136.6
134.75
132.9
131.05
129.2
127.35
125.5
123.65
121.8
119.95
118.1
116.25
114.4
112.55
110.7
108.85
107
105.15
103.3
101.45
99.6
97.75
95.9
94.05
92.2
90.35
88.5
86.65
84.8
82.95
81.1
79.25
77.4
75.55
73.7
71.85
70
68.15
66.3
64.45
62.6
60.75
58.9
57.05
55.2
53.35
51.5
49.65
47.8
45.95
44.1
42.25
40.4
38.55
36.7
34.85
33
31.15
29.3
27.45
25.6
23.75
21.9
20.05
18.2
16.35
14.5
12.65
10.8
8.95
7.1
5.25
3.4
1.55
-0.3
-2.15
-4
-5.85
-7.7
-9.55
-11.4
-13.25
-15.1
-16.95
-18.8
-20.65
-22.5
-24.35
-26.2
-28.05
-29.9
-31.75
-33.6
-35.45
-37.3
-39.15
-41
-42.85
-44.7
-46.55
-48.4
-50.25
-52.1
-53.95
-55.8
-57.65
-59.5
-61.35
-63.2
-65.05
-66.9
-68.75
-70.6
-72.45
-74.3
-76.15
-78
-79.85
-81.7
-83.55
-85.4
-87.25
-89.1
-90.95
-92.8
-94.65
-96.5
-98.35
-100.2
-102.05
-103.9
-105.75
-107.6
-109.45
-111.3
-113.15
-115
-116.85
-118.7
-120.55
-122.4
-124.25
-126.1
-127.95
-129.8
-131.65
-133.5
-135.35
-137.2
-139.05
-140.9
-142.75
-144.6
-146.45
-148.3
-150.15
-152
-153.85
-155.7
-157.55
-159.4
-161.25
-163.1
-164.95
-166.8
-168.65
-170.5
-172.35
-174.2
-176.05
-177.9
-179.75
-181.6
-183.45
-185.3
-187.15
-189
-190.85
-192.7
-194.55
-196.4
-198.25
-200.1
-201.95
-203.8
-205.65
-207.5
-209.35
-211.2
-213.05
-214.9
-216.75
-218.6
-220.45
-222.3
-224.15
-226
-227.85
-229.7
-231.55
-233.4
-235.25
-237.1
-238.95
-240.8
-242.65
-244.5
-246.35
-248.2
-250.05