0.900388128	0.954548453	1.017630644	1.024479959	0.95129376	0.973260936
0.900558092	1.007818366	0.980294267	1.024134957	0.95129376	0.973260936
0.913143075	1.017983257	1.001631152	1.008571791	0.923054287	0.979663969
0.988701167	1.024119736	1.024119736	1.030246068	0.950865043	0.992470034
0.964208524	1.008602232	1.008602232	1.040081177	0.935783866	1.005276099
0.938855911	0.983249619	1.011420599	1.040081177	0.96348554	0.998873066
0.938609843	1.004809741	1.005329782	1.021316591	0.948513445	0.992470034
0.951156773	1.014713343	1.030154744	1.005337392	0.96673516	1.005276099
0.926217656	1.033447489	1.030712836	0.992661086	0.929827499	1.018082164
1.001108574	1.002643328	1.02739726	1.045502283	0.941319127	0.998873066
0.951938102	1.008049214	1.018046677	1.028041603	0.95129376	0.992470034
0.963807712	1.014713343	1.014713343	1.00537037	0.960636733	1.011679131
0.951471334	1.014713343	0.996040081	1.020702689	0.954642314	1.024485196
0.938795028	1.033371385	1.008003551	1.008739219	0.960621512	1.011679131
0.988576865	1.030761035	1.005393201	1.02999239	0.963977676	1.018082164
0.976861999	1.00876966	1.020657027	1.021453577	0.973290208	0.998873066
0.976661593	1.020641806	0.999479959	1.024018265	0.958049214	0.979663969
0.951722476	1.008800101	1.007942669	1.008800101	0.960591071	1.018082164
0.963754439	0.983450025	1.005423643	1.020608828	0.954687976	1.037291261
1.001339422	1.023074581	0.992747336	1.02739726	0.95129376	1.018082164
0.989583968	1.030806697	1.017171487	1.03667174	0.969842719	1.024485196
0.98934551	0.990327245	1.008863521	1.040081177	0.976661593	1.043694294
1.014205987	1.004439371	1.020547945	1.058599696	0.995180112	1.043694294
0.977445459	1.023964992	0.999642314	1.065449011	0.983526129	1.024485196
0.989076611	1.036641299	1.007833587	1.037716895	0.976661593	1.005276099
1.03897514	1.030844749	1.0331862	1.036633688	0.985898021	1.011679131
0.990481989	1.045854896	1.049309995	1.040081177	0.970887874	1.024485196
1.038914257	1.006659056	1.043543886	1.040081177	0.963977676	1.024485196
1.015312024	1.016986301	1.021653983	1.040081177	0.963977676	1.018082164
1.002336377	1.02739726	1.02391933	1.049287164	0.945565703	1.030888229
0.989660071	1.018198884	1.05499239	1.052765094	0.938609843	1.024485196
1.014069001	1.014713343	1.065449011	1.043574328	0.956991375	1.011679131
0.96529934	1.033079655	1.037899543	1.049264333	0.945611365	1.030888229
1.025707763	1.040081177	1.036572806	1.034414003	0.929434297	1.018082164
1.015058346	0.994244039	1.030913242	1.036565195	0.944261796	0.979663969
1.00238204	1.02246068	1.02739726	1.049241502	0.978772197	0.992470034
0.977384576	1.012625571	1.045700152	1.052765094	0.980192796	1.011679131
1.025923389	1.038607306	1.034477423	1.034477423	0.949228818	0.998873066
1.02739726	1.034492643	1.018259767	1.063944698	0.956882293	0.986067001
1.002798072	1.036527144	1.014713343	1.050745814	0.954847793	0.979663969
0.989736175	1.030958904	1.014713343	1.04920345	0.95129376	0.979663969
1.026199899	1.02739726	1.05116692	1.052765094	0.969520548	1.005276099
0.978290208	1.02739726	1.047237443	1.061872146	0.985768645	1.018082164
0.988932014	1.02739726	1.049180619	1.047252664	0.971149163	0.992470034
1.013868595	1.009216134	1.061856925	1.012808219	0.982158803	0.986067001
1.014713343	1.020195332	1.038198884	1.020195332	1.007511416	1.024485196
1.05145104	1.045547945	1.02739726	1.02739726	0.996562659	1.030888229
1.016050228	1.016494165	1.045532725	1.02739726	0.971210046	1.005276099
0.990251142	0.983909183	1.061823947	1.045517504	0.954918823	1.005276099
1.001567732	1.012871639	1.047343988	1.034660071	0.978450025	1.024485196
1.014244039	1.045487062	1.031037544	1.009307458	0.962212075	1.018082164
1.002506342	1.016618468	1.045471842	1.020104008	0.969368341	0.992470034
1.014228818	1.038145611	1.034705733	1.02739726	0.976661593	0.992470034
0.990327245	1.007658549	1.018376459	1.054462202	0.985682395	1.011679131
1.025900558	1.034414003	1.041755454	1.0384069	0.98934551	1.011679131
1.03957382	1.043759513	1.016740233	1.036402841	0.96232623	1.011679131
1.003571791	1.031083206	1.056019787	1.058077118	0.96029173	1.024485196
0.989868087	1.054370878	1.05115931	1.05645865	0.954987316	1.011679131
1.013652968	1.047483511	1.031098427	1.025816844	0.969259259	1.005276099
1.002567225	1.049056317	1.0363724	1.023688483	0.976661593	0.998873066
1.026306443	1.034830036	1.022146119	1.02739726	1.003564181	0.998873066
1.051659056	1.018437341	1.014713343	1.018437341	0.978873668	1.024485196
1.028518519	0.996808727	1.03261796	1.014713343	0.972929985	1.030888229
0.991050228	1.007234906	1.049025875	1.041547438	0.967716895	1.005276099
0.977237443	1.023650431	1.034890918	1.034890918	0.981851852	0.998873066
1.012962963	0.991679351	1.036326738	1.018467783	0.962557078	1.005276099
0.990527651	0.98558346	1.022237443	1.014713343	0.969137494	1.011679131
0.977260274	1.007174023	1.032541857	1.05037037	0.98557585	1.018082164
1.01289447	0.996900051	1.040081177	1.047635718	0.98934551	1.011679131
1.002643328	0.98934551	1.013384069	1.040081177	0.998244546	1.005276099
1.014091832	1.007128361	1.002029427	1.022298326	0.966466261	0.986067001
1.014713343	1.014713343	1.019797057	1.023597159	0.960177575	0.973260936
1.002666159	0.988087265	1.054023338	1.00964485	0.981730086	0.986067001
1.002029427	1.00326484	1.047711821	1.028632674	0.998214105	0.992470034
0.965936073	0.996993912	1.004639777	1.040081177	0.975449011	0.986067001
0.988023846	1.007049721	1.015903095	1.013523592	0.946273465	0.979663969
0.977328767	0.98817859	1.00970827	0.984340436	0.982833587	0.973260936
0.988670726	0.994335363	1.01086758	1.003173516	0.957843734	0.998873066
0.977343988	1.002029427	1.032371892	1.023543886	0.947440386	1.005276099
0.976661593	0.993206494	1.022437849	1.000930999	0.960116692	0.992470034
0.988647894	1.01578894	0.988269914	1.01578894	0.946349569	0.992470034
1.001324201	1.018589548	1.003082192	0.983363775	0.938609843	0.979663969
0.978089802	1.005913242	0.997115677	0.990375444	0.947409944	0.966857904
0.976661593	0.993239472	1.006927955	1.002029427	0.95129376	0.979663969
1.000570776	1.006912735	1.023495687	1.002029427	0.95129376	0.966857904
0.978135464	0.970834602	1.009845256	1.002029427	0.933741755	0.947648806
1.000540335	0.986367326	1.028333333	1.002029427	0.934693049	0.966857904
0.978165906	0.993269914	1.040081177	1.01078894	0.964890918	0.979663969
0.976661593	0.971839168	0.996316591	1.014713343	0.967909691	0.979663969
0.952828513	0.981468798	0.985405885	0.98847793	0.946486555	0.979663969
0.998926941	0.998082192	1.015558092	0.985398275	0.982298326	0.966857904
0.990129376	0.967110604	1.018668189	0.998074581	0.949649924	0.947648806
0.965558092	0.986182141	1.005991882	0.984583968	0.952092846	0.973260936
0.975862506	1.028173516	1.002029427	0.976661593	0.963977676	0.986067001
0.964784373	1.013959919	0.984616946	0.967955353	0.972683917	0.960454871
0.952108067	1.002029427	0.976661593	0.998774734	0.976661593	0.960454871
0.963155758	0.975956367	0.985352613	0.988640284	0.941894977	0.979663969
0.963977676	0.990027905	0.971978691	0.976661593	0.943292745	0.960454871
1.011364789	0.984677829	0.972653475	0.967985794	0.95129376	0.947648806
0.967356672	0.976661593	0.976661593	0.981314054	0.968630137	0.973260936
0.975809234	0.985322171	0.985322171	0.980684932	0.959340436	0.979663969
0.941189751	0.972039574	0.980692542	0.985314561	0.933987823	0.979663969
0.95042618	0.946686961	0.985306951	0.980700152	0.951861999	0.973260936
0.95129376	0.964523085	0.980707763	0.976661593	0.955339929	0.960454871
0.998498224	0.98529173	0.98529173	0.993921867	0.95129376	0.954051839
0.966648909	0.997968037	0.980722983	0.9934069	0.934048706	0.947648806
0.952191781	0.967569762	0.993891426	0.98934551	0.943155758	0.954051839
0.97485033	0.977115677	0.984814815	0.972130898	0.977115677	0.954051839
0.941352106	0.972146119	0.959462202	0.963977676	0.946349569	0.934842742
0.962135972	0.938203957	0.959885845	0.972569762	0.934518011	0.934842742
0.940466768	0.951676814	0.972562151	0.959492643	0.947194318	0.954051839
0.96210553	0.955400812	0.976661593	0.968447489	0.93414003	0.973260936
0.987455606	0.95129376	0.950956367	0.976661593	0.943061898	0.934842742
0.930687468	0.942732116	0.947171487	0.959540842	0.942732116	0.934842742
0.97282344	0.947163876	0.95129376	0.942739726	0.912950279	0.973260936
0.988378995	0.959840183	0.95129376	0.938609843	0.917648402	0.947648806
0.965928463	0.938363775	0.968368848	0.921534754	0.908850837	0.941245774
0.952275495	0.925925926	0.951070523	0.921773212	0.926149163	0.928439709
0.927907154	0.925925926	0.98122273	0.925925926	0.938609843	0.915633644
0.914238965	0.925925926	0.976484018	0.942955353	0.955639269	0.934842742
0.971633688	0.942940132	0.94696347	0.925771182	0.929949264	0.934842742
0.976661593	0.92579655	0.938609843	0.930240994	0.913242009	0.909230612
0.976661593	0.930225774	0.947100457	0.930119229	0.913242009	0.915633644
0.953351091	0.904672755	0.959776763	0.908957382	0.921725013	0.915633644
0.939647387	0.904827499	0.955502283	0.883604769	0.951354642	0.877215449
0.938609843	0.921709792	0.976699645	0.909066464	0.947039574	0.870812417
0.938609843	0.900542872	0.980885337	0.925925926	0.904766616	0.864409384
0.926986301	0.896326738	0.95130137	0.909018265	0.93014206	0.845200287
0.949160325	0.900558092	0.930164891	0.892113141	0.925956367	0.838797254
0.928074581	0.900558092	0.925925926	0.904751395	0.896364789	0.806782092
0.925925926	0.875266362	0.925925926	0.904812278	0.913165906	0.787572995
0.949112126	0.862506342	0.900657027	0.892135972	0.909081684	0.781169962
0.92812278	0.862506342	0.896288686	0.913120244	0.892143582	0.768363897
0.949081684	0.786841705	0.908964992	0.925925926	0.896281076	0.761960865
0.928153222	0.630755961	0.879642314	0.875527651	0.892158803	0.736348735
0.914363267	0.335801624	0.879289701	0.791078133	0.837521563	0.704333572
0.913242009	0.12339929	0.871106038	0.610116692	0.719543379	0.691527507
0.867052258	0.059350583	0.862506342	0.306555048	0.513092339	0.67231841
0.862506342	0.050735667	0.8206621	0.106570269	0.247135972	0.659512345
0.874038559	0.059096905	0.799086758	0.055058346	0.085317098	0.633900215
0.875190259	0.055065956	0.799086758	0.050735667	0.050735667	0.601885053
0.829122273	0.04238965	0.807432775	0.04238965	0.050735667	0.59548202
0.812945205	0.03805175	0.778417047	0.03805175	0.034058853	0.59548202
0.777265348	0.029720954	0.777696601	0.029720954	0.042029427	0.59548202
0.78521309	0.03369102	0.744789447	0.03369102	0.042412481	0.563466858
0.740459158	0.03805175	0.69803653	0.029736175	0.03805175	0.550660793
0.724188229	0.029743785	0.668315576	0.025367834	0.03805175	0.550660793
0.700040589	0.025367834	0.659563673	0.025367834	0.03805175	0.518645631
0.6861517	0.025367834	0.659563673	0.025367834	0.03805175	0.518645631
0.684931507	0.017082699	0.642995941	0.025367834	0.029766616	0.518645631
0.673483004	0.037513952	0.60108828	0.025367834	0.025367834	0.486630468
0.637927448	0.034198376	0.599997463	0.025367834	0.025367834	0.486630468
0.622762557	0.025367834	0.592305936	0.01710553	0.033630137	0.493033501
0.587237443	0.025367834	0.583460173	0.029190766	0.021544901	0.480227436
0.560626585	0.033614916	0.57521309	0.029804668	0.020930999	0.467421371
0.546681887	0.029812278	0.546060375	0.017128361	0.025367834	0.461018338
0.568211568	0.017135972	0.549185693	0.004452055	0.033599696	0.454615306
0.570776256	0.020908168	0.533422121	0.008224252	0.029827499	0.441809241
0.559388635	0.017153729	0.511823947	0.020898021	0.033581938	0.435406208
0.535334855	0.020890411	0.507356672	0.017161339	0.029845256	0.435406208
0.49861238	0.033566717	0.507356672	0.012683917	0.025367834	0.416197111
0.506035008	0.029860477	0.482780315	0.02087519	0.025367834	0.416197111
0.496002029	0.025367834	0.469304921	0.01718417	0.01718417	0.435406208
0.494672755	0.025367834	0.461128869	0.012683917	0.02085997	0.422600143
0.471991375	0.009028412	0.456621005	0.020852359	0.017199391	0.396988014
0.491971081	0.008160832	0.448460173	0.017207002	0.020844749	0.377778916
0.494672755	0.020837139	0.452090309	0.020837139	0.017214612	0.339360721
0.483356164	0.017222222	0.448475393	0.017222222	0.020829528	0.288136461
0.448059361	0.004545916	0.419520548	0.012683917	0.025367834	0.236912202
0.455238458	0.008130391	0.414015728	0.020814307	0.025367834	0.166478844
0.434033486	0.012683917	0.410446474	0.017245053	0.025367834	0.10244852
0.419967022	0.028914257	0.397770167	0.012683917	0.017252664	0.057627292
0.429847793	0.021836631	0.40941654	0.012683917	0.012683917	0.02561213
0.419982243	0.012683917	0.410469305	0.004583968	0.020783866	0.012806065
0.44109589	0.020776256	0.373515982	0.008092339	0.017275495	0.012806065
0.43268138	0.017283105	0.379403856	0.004599188	0.028853374	0.019209097
0.453749366	0.020761035	0.377047184	0	0.021897514	0.02561213
0.411659056	0.025367834	0.375903095	0.008069508	0.020753425	0.032015162
0.417118214	0.025367834	0.356331811	0.020745814	0.025367834	0.02561213
0.407343988	0.009259259	0.334411466	0.033422121	0.025367834	0.019209097
0.30492897	0.02414003	0.265410959	0.03805175	0.025367834	0.02561213
0.224472349	0.021973617	0.155961441	0.021973617	0.017328767	0.032015162
0.137212075	0.004652461	0.082031963	0.028746829	0.020715373	0.032015162
0.07086758	0.016047692	0.031326738	0.022004059	0.025367834	0.02561213
0.052232369	0.017351598	0.012683917	0.012683917	0.025367834	0.02561213
0.006019787	0.004675292	0.012683917	0.004675292	0.025367834	0.02561213
0.022343988	0	0.028685946	0	0.017366819	0.032015162
0.025367834	0.015984272	0.030058346	0.023977676	0.004690512	0.02561213
0.01421106	0.01738204	0.033353628	0.046037544	0.015969051	0.02561213
0.012683917	-0.011248097	0.02209792	0.042757484	0.073231862	0.038418195
0.012683917	-0.025367834	0.012683917	0.022113141	0.173198884	0.02561213
0.023817859	-0.017404871	0.02064688	-0.011202435	0.231549975	0.02561213
0.036494165	-0.012683917	0.025367834	-0.025367834	0.26485794	0.032015162
0.026933029	0.011156773	0.025367834	-0.025367834	0.286993912	0.019209097
0.025367834	0.057123288	0.009490107	-0.025367834	0.299670218	0.019209097
0.025367834	0.131623541	0.015862506	-0.017435312	0.320276509	0.019209097
0.025367834	0.19658549	0.017445459	0.019010654	0.313934551	0.019209097
0.025367834	0.199794521	0.020598681	0.077630644	0.288581938	0.019209097
0.014289701	0.182351598	0.025367834	0.117288179	0.302770167	0.012806065
0.023754439	0.185474378	0.025367834	0.134738711	0.301296296	0.006403032
0.014304921	0.182366819	0.017475901	0.139523085	0.299622019	-0.012806065
0.023739219	0.193346017	0.020568239	0.139523085	0.312298326	-0.019209097
0.025367834	0.202942669	0.025367834	0.147399797	0.293465246	-0.012806065
0.036407915	0.202942669	0.033236936	0.152207002	0.302656012	-0.006403032
0.02701928	0.202942669	0.03805175	0.136481481	0.31709792	0.019209097
0.025367834	0.21079655	0.030197869	0.14254693	0.324951801	0.070433357
0.047402334	0.192085236	0.033214105	0.152207002	0.321935566	0.140866714
0.039726027	0.193252156	0.03021309	0.152207002	0.301420599	0.192090974
0.03805175	0.195111618	0.025367834	0.144375951	0.291730086	0.211300072
0.027057331	0.190258752	0.025367834	0.131699645	0.283906646	0.217703104
0.014381025	0.190258752	0.033183663	0.150286657	0.294677829	0.217703104
-0.00927448	0.198066971	0.030243531	0.14927448	0.288797565	0.224106137
-0.012683917	0.19514206	0.001966007	0.147323694	0.294647387	0.224106137
-0.023647894	0.19805175	-0.020476915	0.152207002	0.296621005	0.217703104
-0.025367834	0.195157281	-0.025367834	0.136636225	0.299515474	0.204897039
-0.025367834	0.190258752	-0.025367834	0.126839168	0.288858447	0.198494007
0.007455606	0.190258752	-0.009827499	0.142379503	0.271276002	0.198494007
0.067351598	0.182496195	0.031050228	0.136681887	0.281887367	0.198494007
0.163508371	0.185329782	0.089510401	0.126839168	0.28397514	0.204897039
0.199411466	0.174764079	0.129649924	0.134586504	0.271298833	0.204897039
0.213853374	0.18037037	0.147262811	0.124043633	0.266362253	0.204897039
0.22652968	0.190258752	0.167671233	0.114155251	0.274094368	0.204897039
0.206519533	0.197983257	0.18529934	0.129604262	0.271321664	0.204897039
0.224718417	0.195225774	0.174824962	0.139523085	0.289510401	0.198494007
0.217430238	0.197968037	0.164890918	0.1318138	0.288997971	0.198494007
0.226499239	0.187541857	0.172592593	0.119137494	0.271344495	0.204897039
0.19571791	0.177574835	0.169880771	0.121849315	0.274056317	0.204897039
0.222828513	0.169888382	0.149520548	0.134525622	0.279046169	0.204897039
0.228310502	0.172569762	0.154878234	0.131844242	0.271367326	0.204897039
0.206628615	0.162234906	0.164890918	0.111499239	0.266362253	0.198494007
0.202942669	0.175195332	0.14956621	0.101471334	0.266362253	0.198494007
0.202942669	0.167293252	0.162488584	0.109127347	0.274018265	0.198494007
0.21376205	0.159855403	0.169926433	0.106506849	0.271397768	0.192090974
0.215626585	0.164890918	0.141971081	0.101471334	0.266362253	0.192090974
0.226428209	0.164890918	0.142102993	0.09384069	0.251098427	0.179284909
0.195925926	0.157267884	0.144583968	0.096410452	0.248617453	0.179284909
0.201045155	0.167440386	0.147138508	0.109086758	0.253678336	0.185687942
0.213721461	0.169967022	0.144599188	0.106547438	0.261286149	0.192090974
0.204855403	0.157290715	0.147123288	0.101471334	0.25115931	0.198494007
0.224472349	0.159799594	0.159799594	0.116659056	0.256182141	0.192090974
0.217554541	0.172475901	0.149718417	0.126839168	0.25877727	0.198494007
0.204878234	0.162417555	0.139523085	0.119261796	0.253678336	0.198494007
0.202942669	0.159776763	0.147092846	0.114155251	0.253678336	0.179284909
0.202942669	0.149766616	0.137082699	0.1065931	0.253678336	0.172881877
0.192217149	0.147077626	0.134393709	0.109025875	0.238569254	0.179284909
0.190258752	0.152207002	0.131976154	0.114155251	0.243404363	0.185687942
0.179548453	0.152207002	0.141917808	0.099076611	0.246139016	0.185687942
0.198980213	0.152207002	0.159738711	0.088787418	0.240994419	0.179284909
0.202942669	0.152207002	0.14231862	0.103835616	0.23347032	0.172881877
0.1922552	0.152207002	0.134355657	0.12167174	0.24334348	0.179284909
0.190258752	0.152207002	0.139523085	0.11182141	0.246169457	0.185687942
0.179586504	0.144705733	0.132021816	0.108972603	0.240994419	0.185687942
0.166910198	0.139523085	0.126839168	0.106661593	0.226007103	0.172881877
0.186204972	0.15449518	0.134325216	0.108957382	0.230598681	0.153672779
0.200908168	0.149934044	0.132044647	0.106676814	0.233515982	0.160075812
0.17101725	0.146993912	0.126839168	0.101471334	0.228310502	0.166478844
0.175525114	0.152207002	0.126839168	0.101471334	0.220847286	0.160075812
0.16694825	0.144751395	0.119383562	0.101471334	0.208170979	0.166478844
0.196747844	0.154419077	0.114155251	0.10891933	0.210390665	0.166478844
0.181719939	0.157450533	0.114155251	0.106714866	0.215626585	0.153672779
0.177574835	0.152207002	0.129020802	0.101471334	0.20819381	0.147269747
0.156382547	0.152207002	0.13209792	0.101471334	0.202942669	0.147269747
0.162795535	0.144789447	0.126839168	0.086638762	0.202942669	0.160075812
0.175471842	0.124705733	0.119429224	0.083513445	0.202942669	0.160075812
0.156430746	0.121557585	0.128957382	0.103589548	0.210345003	0.153672779
0.17333587	0.134233891	0.117341451	0.106760528	0.215626585	0.140866714
0.167016743	0.139523085	0.108858447	0.101471334	0.215626585	0.140866714
0.154340436	0.139523085	0.114155251	0.094091832	0.200870117	0.147269747
0.152207002	0.139523085	0.121527144	0.081415525	0.197630644	0.140866714
0.162742263	0.132158803	0.119474886	0.076103501	0.195578387	0.147269747
0.154363267	0.13419584	0.114155251	0.083460173	0.197615424	0.153672779
0.173244546	0.13217656	0.114155251	0.081440893	0.202942669	0.140866714
0.146042618	0.119500254	0.121494165	0.076103501	0.202942669	0.140866714
0.150025368	0.114155251	0.119507864	0.083434805	0.202942669	0.153672779
0.152207002	0.114155251	0.121478945	0.088787418	0.195618975	0.147269747
0.152207002	0.114155251	0.112204465	0.081471334	0.197574835	0.153672779
0.162686454	0.121463724	0.116090817	0.076103501	0.195634196	0.153672779
0.154419077	0.119538305	0.119538305	0.076103501	0.190258752	0.147269747
0.152207002	0.121448503	0.114155251	0.090692542	0.190258752	0.153672779
0.141750381	0.112265348	0.106869609	0.086897514	0.190258752	0.153672779
0.160421106	0.116027397	0.108749366	0.076103501	0.190258752	0.147269747
0.144008118	0.126839168	0.114155251	0.076103501	0.190258752	0.134463682
0.149956875	0.119576357	0.09962963	0.083366312	0.182995941	0.12806065
0.141780822	0.114155251	0.103297818	0.088787418	0.177574835	0.12806065
0.149941654	0.128650431	0.121402841	0.088787418	0.177574835	0.121657617
0.152207002	0.132283105	0.119599188	0.081547438	0.170334855	0.12806065
0.131400304	0.119606799	0.106922882	0.076103501	0.172123288	0.140866714
0.147630644	0.12138001	0.101471334	0.076103501	0.163125317	0.140866714
0.131430746	0.126839168	0.101471334	0.076103501	0.15942415	0.134463682
0.126839168	0.126839168	0.087052258	0.076103501	0.164890918	0.134463682
0.147584982	0.11963724	0.090507357	0.076103501	0.164890918	0.134463682
0.141841705	0.114155251	0.108665652	0.083297818	0.157696601	0.12806065
0.139523085	0.121341958	0.106968544	0.074414003	0.152207002	0.115254585
0.129173009	0.126839168	0.101471334	0.063419584	0.173744292	0.115254585
0.147524099	0.119667681	0.087128361	0.070591071	0.175915779	0.121657617
0.131537291	0.121319127	0.083267377	0.076103501	0.164890918	0.115254585
0.137166413	0.119682902	0.095943683	0.068947235	0.164890918	0.108851552
0.12920345	0.107006596	0.094322679	0.070568239	0.164890918	0.115254585
0.126839168	0.10861238	0.088787418	0.083244546	0.164890918	0.115254585
0.116534754	0.099890918	0.088787418	0.081653983	0.157757484	0.10244852
0.134746322	0.088787418	0.095913242	0.076103501	0.159332826	0.108851552
0.129233891	0.103021309	0.09435312	0.076103501	0.157772704	0.115254585
0.126839168	0.09993658	0.081676814	0.068992897	0.137988331	0.121657617
0.126839168	0.095890411	0.069000507	0.070522577	0.148145611	0.12806065
0.10630898	0.101471334	0.070514967	0.083198884	0.164890918	0.115254585
0.132245053	0.101471334	0.076103501	0.081699645	0.157803146	0.115254585
0.108772197	0.101471334	0.083183663	0.076103501	0.145126839	0.12806065
0.101471334	0.094398782	0.102929985	0.076103501	0.146595637	0.121657617
0.101471334	0.088787418	0.107090309	0.076103501	0.152207002	0.108851552
0.101471334	0.095842212	0.087359209	0.069048706	0.145152207	0.10244852
0.121910198	0.108518519	0.076103501	0.070466768	0.139523085	0.096045487
0.116628615	0.100073567	0.083143075	0.076103501	0.132483511	0.10244852
0.114155251	0.095819381	0.081755454	0.069071537	0.140905632	0.108851552
0.124350583	0.094446981	0.076103501	0.056395231	0.152207002	0.10244852
0.116651446	0.088787418	0.083120244	0.05775241	0.145190259	0.10244852
0.114155251	0.081778285	0.09579655	0.070428716	0.139523085	0.10244852
0.114155251	0.090109082	0.094469812	0.069101979	0.139523085	0.108851552
0.10399036	0.073493151	0.088787418	0.063419584	0.153513445	0.115254585
0.111628615	0.071697108	0.081801116	0.063419584	0.150918316	0.10244852
0.124304921	0.095766109	0.083082192	0.063419584	0.132544394	0.096045487
0.116697108	0.087529173	0.095758498	0.063419584	0.126839168	0.108851552
0.104020802	0.083066971	0.094507864	0.063419584	0.126839168	0.108851552
0.101471334	0.088787418	0.081831558	0.070375444	0.140750888	0.10244852
0.101471334	0.081839168	0.062207002	0.069155251	0.138310502	0.096045487
0.101471334	0.076103501	0.078498224	0.063419584	0.119898529	0.096045487
0.111575342	0.069170472	0.080672248	0.063419584	0.128021309	0.089642455
0.104058853	0.070345003	0.077270421	0.063419584	0.125672248	0.083239422
0.101471334	0.083021309	0.088787418	0.063419584	0.114155251	0.089642455
0.111552511	0.095697615	0.088787418	0.063419584	0.127975647	0.089642455
0.104081684	0.094568747	0.074982243	0.077224759	0.12571791	0.096045487
0.091405378	0.074997463	0.063419584	0.074997463	0.107260274	0.10244852
0.088787418	0.077194318	0.070306951	0.056532217	0.108358701	0.096045487
0.098838153	0.081907661	0.076103501	0.050735667	0.114155251	0.089642455
0.101471334	0.076103501	0.076103501	0.050735667	0.107283105	0.096045487
0.081400304	0.082968037	0.082968037	0.064464739	0.115200406	0.096045487
0.09615931	0.081930492	0.081930492	0.06238965	0.113125317	0.096045487
0.101471334	0.082952816	0.069254186	0.057584982	0.094622019	0.096045487
0.101471334	0.081945713	0.077100457	0.056577879	0.10246829	0.083239422
0.101471334	0.082937595	0.075121766	0.057569762	0.107321157	0.083239422
0.071481481	0.075136986	0.063419584	0.042942669	0.115121766	0.096045487
0.073409437	0.070238458	0.070238458	0.039003044	0.106385084	0.089642455
0.086085743	0.082914764	0.062483511	0.05754693	0.102407407	0.083239422
0.09876205	0.081983765	0.064340436	0.070223237	0.114155251	0.083239422
0.111438356	0.076103501	0.076103501	0.069307458	0.114155251	0.064030325
0.084279554	0.069315068	0.076103501	0.056631152	0.100580923	0.064030325
0.096004566	0.070200406	0.076103501	0.057516489	0.095568239	0.083239422
0.09152968	0.076103501	0.069332826	0.063419584	0.101471334	0.083239422
0.088787418	0.082866565	0.05665652	0.05665652	0.108234399	0.07683639
0.098713851	0.088787418	0.064249112	0.050735667	0.107399797	0.083239422
0.111390157	0.075289193	0.062605277	0.057483511	0.101471334	0.083239422
0.084419077	0.076902588	0.057475901	0.063419584	0.101471334	0.07683639
0.086007103	0.082054795	0.056686961	0.056686961	0.101471334	0.083239422
0.088787418	0.076103501	0.064188229	0.050735667	0.101471334	0.083239422
0.088787418	0.082820903	0.076103501	0.050735667	0.094753932	0.07683639
0.078906646	0.082077626	0.069393709	0.044025875	0.088787418	0.083239422
0.085976662	0.062696601	0.056717402	0.05145865	0.102194318	0.083239422
0.098652968	0.06412481	0.044041096	0.063419584	0.100766109	0.083239422
0.081755454	0.06941654	0.051425672	0.056732623	0.082100457	0.089642455
0.09580416	0.056740233	0.063419584	0.057415018	0.089462202	0.089642455
0.081785895	0.057407407	0.056747844	0.056747844	0.094799594	0.083239422
0.076103501	0.063419584	0.057399797	0.050735667	0.082123288	0.083239422
0.085930999	0.056763064	0.070076104	0.050735667	0.08276002	0.07683639
0.078967529	0.064033486	0.062805682	0.057384576	0.082138508	0.070433357
0.066291223	0.0827448	0.057376966	0.056778285	0.076103501	0.07683639
0.073224252	0.075520041	0.056785895	0.050735667	0.082737189	0.07683639
0.076103501	0.056793506	0.057361745	0.050735667	0.082161339	0.064030325
0.076103501	0.057354135	0.063419584	0.044117199	0.076103501	0.064030325
0.076103501	0.063419584	0.056808727	0.03805175	0.082714358	0.07683639
0.066329274	0.063419584	0.057338914	0.044654997	0.08218417	0.07683639
0.082952816	0.056823947	0.063419584	0.057331304	0.082699137	0.07683639
0.069269406	0.050735667	0.050243531	0.050243531	0.095375444	0.064030325
0.073170979	0.057316083	0.051212582	0.03805175	0.094890918	0.057627292
0.085847286	0.06999239	0.056846778	0.044624556	0.088787418	0.064030325
0.059581431	0.069538305	0.050735667	0.050735667	0.088787418	0.057627292
0.070190259	0.056861999	0.050735667	0.050735667	0.082229833	0.057627292
0.066382547	0.050735667	0.057285642	0.044185693	0.076103501	0.07683639
0.05370624	0.063817859	0.05687722	0.03805175	0.082645865	0.07683639
0.070144597	0.076103501	0.057270421	0.044586504	0.082252664	0.070433357
0.066405378	0.069576357	0.063419584	0.050735667	0.069576357	0.064030325
0.073110096	0.056900051	0.063419584	0.0572552	0.076456114	0.057627292
0.076103501	0.05724759	0.063419584	0.056907661	0.082275495	0.064030325
0.076103501	0.069923896	0.063419584	0.050735667	0.069599188	0.064030325
0.066435819	0.063112633	0.043932014	0.057232369	0.063419584	0.064030325
0.073079655	0.050735667	0.03834348	0.043954845	0.076395231	0.064030325
0.076103501	0.057214612	0.050735667	0.03832826	0.082308473	0.064030325
0.056816337	0.05694825	0.050735667	0.050735667	0.076103501	0.064030325
0.050735667	0.050735667	0.050735667	0.044271943	0.076103501	0.057627292
0.06036276	0.050735667	0.050735667	0.044507864	0.069647387	0.05122426
0.063419584	0.050735667	0.050735667	0.050735667	0.063419584	0.057627292
0.044193303	0.050735667	0.050735667	0.044294774	0.076303907	0.064030325
0.03805175	0.050735667	0.044302385	0.031618468	0.075918316	0.064030325
0.03805175	0.050735667	0.044477423	0.031793506	0.076273465	0.070433357
0.047640791	0.050735667	0.044317605	0.03805175	0.069530695	0.070433357
0.041154236	0.050735667	0.044462202	0.050872653	0.057146119	0.057627292
0.047625571	0.044332826	0.044332826	0.050613902	0.069822425	0.057627292
0.069868087	0.044446981	0.044446981	0.044446981	0.06970827	0.064030325
0.066544901	0.044348047	0.050735667	0.050735667	0.057031963	0.05122426
0.053868595	0.050811771	0.050735667	0.044355657	0.057115677	0.05122426
0.050735667	0.057047184	0.044363267	0.04442415	0.063419584	0.057627292
0.041199899	0.050735667	0.04441654	0.044370878	0.057054795	0.057627292
0.057108067	0.057092846	0.050735667	0.050766109	0.057092846	0.057627292
0.044378488	0.057070015	0.044386098	0.057070015	0.063419584	0.057627292
0.047564688	0.050735667	0.044393709	0.03805175	0.063419584	0.070433357
0.060240994	0.057070015	0.050735667	0.031702182	0.057085236	0.070433357
0.063419584	0.057092846	0.044408929	0.050705226	0.057062405	0.05122426
0.063419584	0.04441654	0.03805175	0.050781329	0.069738711	0.038418195
0.053937088	0.056986301	0.044363267	0.044363267	0.063480467	0.044821227
0.050735667	0.063495687	0.050735667	0.044431761	0.057039574	0.05122426
0.060202943	0.050735667	0.050735667	0.03805175	0.057123288	0.064030325
0.053959919	0.044446981	0.044446981	0.044340436	0.050735667	0.070433357
0.060187722	0.050613902	0.031770675	0.050735667	0.050735667	0.05122426
0.05397514	0.057146119	0.044185693	0.050735667	0.050735667	0.044821227
0.050735667	0.050735667	0.044624556	0.044469812	0.057001522	0.05122426
0.050735667	0.050735667	0.031626078	0.031793506	0.050905632	0.05122426
0.050735667	0.038236936	0.03805175	0.044117199	0.056801116	0.05122426
0.050735667	0.037851344	0.044294774	0.044693049	0.06361999	0.044821227
0.050735667	0.050735667	0.050735667	0.031603247	0.050735667	0.044821227
0.050735667	0.050735667	0.044507864	0.031823947	0.050735667	0.038418195
0.050735667	0.044515474	0.050489599	0.031588026	0.044515474	0.032015162
0.060119229	0.03805175	0.057207002	0.03805175	0.056686961	0.038418195
0.044670218	0.050459158	0.050735667	0.03805175	0.051288686	0.05122426
0.047417555	0.057224759	0.050735667	0.03805175	0.031562659	0.057627292
0.032016743	0.050735667	0.044548453	0.03805175	0.050428716	0.044821227
0.034718417	0.044556063	0.044231355	0.03805175	0.051057839	0.044821227
0.047394723	0.044223744	0.050735667	0.044223744	0.03805175	0.044821227
0.050735667	0.050735667	0.044571284	0.038404363	0.044216134	0.044821227
0.041407915	0.044578894	0.044208524	0.037683917	0.06305175	0.057627292
0.056694571	0.03805175	0.050735667	0.044586504	0.063802638	0.05122426
0.035479452	0.044193303	0.044594115	0.044193303	0.050735667	0.038418195
0.034672755	0.050735667	0.031917808	0.044601725	0.050735667	0.038418195
0.047349061	0.038480467	0.025367834	0.03805175	0.050735667	0.044821227
0.041445967	0.031486555	0.025367834	0.044170472	0.050735667	0.044821227
0.047333841	0.03805175	0.025367834	0.038513445	0.050735667	0.044821227
0.050735667	0.03805175	0.037574835	0.031471334	0.050735667	0.044821227
0.041468798	0.03805175	0.050735667	0.03195586	0.050735667	0.038418195
0.028792491	0.03196347	0.038559107	0.031456114	0.044647387	0.044821227
0.034619482	0.031448503	0.025367834	0.031971081	0.04413242	0.038418195
0.03805175	0.03805175	0.037513952	0.037513952	0.044662608	0.038418195
0.047288179	0.044117199	0.044670218	0.038604769	0.031986301	0.057627292
0.050735667	0.044677829	0.03805175	0.031425672	0.037483511	0.057627292
0.050735667	0.032001522	0.032001522	0.044101979	0.044685439	0.05122426
0.050735667	0.031410452	0.025367834	0.050735667	0.032009132	0.038418195
0.050735667	0.03805175	0.031402841	0.04470066	0.037437849	0.038418195
0.032338914	0.032024353	0.032024353	0.044079148	0.050735667	0.038418195
0.0345586	0.037407407	0.03138762	0.04471588	0.04471588	0.032015162
0.047234906	0.050735667	0.044063927	0.03805175	0.044063927	0.038418195
0.032384576	0.044731101	0.044731101	0.03805175	0.044731101	0.044821227
0.043703704	0.03805175	0.026057839	0.032054795	0.03805175	0.038418195
0.050735667	0.03805175	0.024662608	0.025367834	0.050030441	0.02561213
0.041582953	0.03805175	0.032070015	0.037328767	0.057437849	0.032015162
0.03805175	0.032077626	0.025367834	0.050735667	0.038789954	0.032015162
0.047189244	0.04326484	0.031334348	0.044769153	0.031334348	0.038418195
0.050735667	0.051504313	0.03805175	0.044010654	0.032092846	0.044821227
0.050735667	0.03805175	0.03805175	0.032884323	0.031319127	0.032015162
0.032508879	0.032108067	0.032108067	0.03051243	0.03805175	0.038418195
0.052686454	0.031303907	0.025367834	0.044799594	0.04992136	0.044821227
0.045223237	0.03805175	0.031296296	0.03805175	0.045636733	0.032015162
0.028959919	0.043972603	0.03805175	0.043972603	0.025367834	0.02561213
0.034452055	0.050735667	0.03805175	0.044822425	0.031281076	0.032015162
0.047125824	0.038926941	0.03805175	0.032148656	0.03805175	0.038418195
0.041669203	0.025367834	0.032156266	0.031263318	0.03805175	0.032015162
0.03805175	0.031255708	0.037146119	0.032163876	0.03805175	0.038418195
0.047102993	0.032171487	0.038972603	0.031248097	0.032171487	0.044821227
0.050735667	0.025367834	0.031240487	0.032179097	0.025367834	0.032015162
0.050735667	0.031232877	0.032186707	0.031232877	0.037100457	0.032015162
0.041707255	0.03805175	0.031225266	0.03805175	0.039018265	0.044821227
0.03805175	0.043901573	0.032201928	0.032201928	0.025367834	0.044821227
0.029038559	0.050735667	0.025367834	0.025367834	0.031210046	0.038418195
0.034373415	0.039066464	0.031202435	0.031202435	0.043886352	0.038418195
0.047049721	0.031194825	0.032224759	0.043878742	0.039081684	0.038418195
0.032754947	0.03805175	0.031187215	0.044916286	0.037006596	0.038418195
0.034350583	0.03223998	0.03805175	0.03805175	0.033300355	0.032015162
0.03805175	0.031171994	0.03805175	0.03805175	0.024292237	0.02561213
0.029084221	0.03805175	0.0322552	0.0322552	0.0322552	0.02561213
0.034327752	0.04384069	0.025367834	0.025367834	0.025367834	0.032015162
0.03805175	0.039173009	0.036930492	0.025367834	0.025367834	0.032015162
0.03805175	0.025367834	0.044961948	0.036915271	0.025367834	0.019209097
0.03805175	0.025367834	0.032285642	0.03920345	0.025367834	0.019209097
0.029122273	0.025367834	0.03688483	0.03688483	0.025367834	0.032015162
0.034289701	0.025367834	0.044984779	0.044984779	0.019616946	0.02561213
0.029137494	0.031111111	0.03805175	0.03805175	0.024170472	0.012806065
0.03427448	0.043787418	0.032316083	0.03805175	0.03805175	0.02561213
0.03805175	0.039279554	0.03109589	0.03805175	0.032323694	0.032015162
0.03805175	0.03108828	0.032331304	0.03805175	0.025367834	0.02561213
0.03805175	0.032338914	0.025367834	0.03805175	0.025367834	0.02561213
0.03805175	0.031073059	0.019662608	0.032346525	0.025367834	0.02561213
0.029183156	0.032354135	0.024079148	0.036763064	0.031065449	0.019209097
0.025367834	0.031057839	0.03805175	0.039358194	0.032361745	0.019209097
0.034221208	0.032369356	0.03805175	0.031050228	0.025367834	0.032015162
0.03805175	0.025367834	0.032376966	0.03805175	0.025367834	0.032015162
0.03805175	0.01970066	0.031035008	0.032384576	0.01970066	0.02561213
0.03805175	0.01834348	0.03805175	0.031027397	0.024000507	0.02561213
0.029228818	0.031019787	0.043703704	0.026750381	0.026750381	0.02561213
0.034183156	0.03805175	0.045091324	0.012683917	0.012683917	0.032015162
0.029244039	0.032415018	0.043688483	0.018320649	0.023954845	0.032015162
0.025367834	0.025367834	0.045106545	0.030996956	0.032422628	0.02561213
0.034157788	0.025367834	0.032432775	0.03805175	0.019748858	0.02561213
0.03805175	0.025367834	0.030979198	0.03805175	0.018295282	0.032015162
0.029277017	0.030971588	0.03805175	0.032447996	0.030971588	0.038418195
0.025367834	0.043647894	0.03805175	0.030963978	0.026856925	0.038418195
0.034127347	0.039556063	0.03805175	0.03805175	0.018272451	0.02561213
0.046803653	0.025367834	0.032470827	0.03805175	0.025367834	0.02561213
0.033244546	0.030941147	0.030941147	0.032478437	0.025367834	0.02561213
0.034104515	0.032486048	0.032486048	0.025367834	0.030933536	0.019209097
0.03805175	0.025367834	0.030925926	0.030925926	0.03805175	0.032015162
0.03805175	0.025367834	0.032501268	0.03805175	0.032501268	0.038418195
0.0293379	0.025367834	0.030910705	0.032508879	0.030910705	0.038418195
0.025367834	0.030903095	0.03805175	0.019832572	0.032516489	0.038418195
0.016669203	0.026996449	0.032524099	0.023739219	0.030895485	0.02561213
0.021374937	0.018203957	0.030887874	0.03805175	0.027011669	0.019209097
0.034051243	0.025367834	0.03805175	0.03253932	0.018196347	0.02561213
0.03805175	0.019863014	0.03805175	0.030872653	0.025367834	0.02561213
0.029383562	0.029175545	0.03805175	0.03805175	0.025367834	0.02561213
0.025367834	0.039756469	0.03805175	0.03805175	0.025367834	0.02561213
0.016714866	0.025367834	0.032569762	0.043533739	0.025367834	0.02561213
0.021329274	0.025367834	0.019893455	0.045261289	0.025367834	0.032015162
0.025367834	0.025367834	0.018150685	0.03805175	0.025367834	0.032015162
0.025367834	0.030826991	0.025367834	0.043510908	0.030826991	0.02561213
0.03399036	0.03805175	0.030819381	0.04528412	0.03805175	0.032015162
0.020821918	0.027163876	0.03805175	0.032607813	0.032607813	0.038418195
0.029898529	0.02355657	0.032615424	0.03080416	0.03080416	0.032015162
0.029452055	0.027194318	0.025367834	0.032623034	0.027194318	0.02561213
0.025367834	0.018105023	0.03078894	0.03078894	0.018105023	0.02561213
0.025367834	0.030781329	0.032638255	0.032638255	0.019954338	0.02561213
0.016790969	0.032645865	0.030773719	0.025367834	0.023495687	0.02561213
0.029819888	0.025367834	0.032653475	0.030766109	0.03805175	0.019209097
0.03805175	0.036146626	0.025367834	0.03805175	0.027272958	0.019209097
0.029497717	0.039972095	0.025367834	0.032668696	0.007300863	0.02561213
0.025367834	0.030743278	0.030743278	0.030743278	0.005375444	0.02561213
0.042442922	0.03805175	0.032683917	0.03805175	0.012683917	0.02561213
0.033675799	0.032691527	0.025367834	0.03805175	0.012683917	0.02561213
0.008323186	0.025367834	0.025367834	0.03805175	0.01803653	0.02561213
0.034058853	0.025367834	0.025367834	0.03805175	0.020022831	0.032015162
0.02521309	0.025367834	0.025367834	0.032714358	0.012683917	0.02561213
0.012683917	0.025367834	0.020040589	0.030695079	0.018011162	0.019209097
0.021174531	0.025367834	0.007364282	0.032732116	0.020048199	0.019209097
0.025367834	0.025367834	0	0.020055809	0.023310502	0.012806065
0.025367834	0.025367834	0.010611365	0.023295282	0.032747336	0.019209097
0.025367834	0.025367834	0.025367834	0.032754947	0.025367834	0.02561213
0.025367834	0.025367834	0.02007864	0.030657027	0.025367834	0.032015162
0.016915271	0.025367834	0.0179655	0.032770167	0.014802131	0.032015162
0.021128869	0.025367834	0.025367834	0.030641806	0.010550482	0.032015162
0.025367834	0.020101471	0.025367834	0.032785388	0.020101471	0.032015162
0.025367834	0.023201421	0.025367834	0.030626585	0.012683917	0.02561213
0.025367834	0.032800609	0.030618975	0.027549467	0.017935058	0.02561213
0.025367834	0.025367834	0.032808219	0.023170979	0.025367834	0.019209097
0.025367834	0.020131913	0.025367834	0.03281583	0.020131913	0.019209097
0.008569254	0.017912227	0.025367834	0.025367834	0.017912227	0.02561213
0.016783359	0.025367834	0.014926433	0.025367834	0.025367834	0.012806065
0.025367834	0.020154744	0.015639269	0.030580923	0.025367834	0.019209097
0.033744292	0.017889396	0.027640791	0.03805175	0.020162354	0.032015162
0.021314054	0.030565703	0.023079655	0.03805175	0.012683917	0.02561213
0.021045155	0.032861492	0.027671233	0.032861492	0.007493658	0.02561213
0.025367834	0.020185185	0.017866565	0.025367834	0	0.02561213
0.033713851	0.017858955	0.030542872	0.030542872	0.010350076	0.02561213
0.021374937	0.025367834	0.027716895	0.03805175	0.015032978	0.012806065
0.021014713	0.025367834	0.017843734	0.03805175	0.010319635	0.006403032
0.03369102	0.030520041	0.025367834	0.03805175	0.025367834	0.019209097
0.021420599	0.03805175	0.03051243	0.03805175	0.01507864	0.019209097
0.004375951	0.032914764	0.03805175	0.03805175	0.005136986	0.019209097
0.024898529	0.020238458	0.032922374	0.03805175	0.012683917	0.032015162
0.029759006	0.012683917	0.025367834	0.03805175	0.017805682	0.032015162
0.025367834	0.017798072	0.020253678	0.032937595	0.020253678	0.019209097
0.017090309	0.020261289	0.012683917	0.020261289	0.007577372	0.019209097
0.004414003	0.012683917	0.017782851	0.017782851	0.005098935	0.02561213
0.008262303	0.017775241	0.020276509	0.025367834	0.012683917	0.032015162
0.029190766	0.030451547	0.022848808	0.025367834	0.017767631	0.019209097
0.021560122	0.02790208	0.032975647	0.030443937	0.015218163	0.006403032
0.012683917	0.01775241	0.025367834	0.032983257	0.01013445	0.012806065
0.020915779	0.025367834	0.025367834	0.015248605	0.015248605	0.006403032
0.025367834	0.020314561	0.030421106	0.010104008	0	0.012806065
0.017153729	0.012683917	0.033008625	0.030410959	0	0.019209097
0.012683917	0.012683917	0.025367834	0.033016235	0	0.019209097
0.020882801	0.012683917	0.025367834	0.025367834	0.005027905	0.019209097
0.01717656	0.017704211	0.025367834	0.025367834	0.007663623	0.012806065
0.012683917	0.025367834	0.030380518	0.025367834	0.005012684	0.006403032
0.02085997	0.02036276	0.033046677	0.030372907	0.007678843	0.006403032
0.025367834	0.01768138	0.030365297	0.033054287	0.009997463	0.006403032
0.025367834	0.025367834	0.023079655	0.025367834	0.020377981	0.012806065
0.009058853	0.020385591	0	0.025367834	0.012683917	0.02561213
0.008145611	0.017658549	0.004974632	0.025367834	0.007709285	0.02561213
0.012683917	0.030334855	0.012683917	0.020400812	0	0.019209097
0.020814307	0.033092339	0.017643328	0.017643328	0.014880771	0.006403032
0.025367834	0.020416032	0.025367834	0.025367834	0.028148148	0.006403032
0.017252664	0.017628108	0.025367834	0.030312024	0.017628108	0.019209097
0.012683917	0.030304414	0.025367834	0.023242009	0.025367834	0.019209097
0.012683917	0.03312278	0.020438864	0.00985794	0.020438864	0.006403032
0.012683917	0.015525114	0.017605277	0.030289193	0.012683917	0
0.020768645	0.004913749	0.025367834	0.033138001	0.007770167	0.012806065
0.017290715	0.012683917	0.025367834	0.025367834	0.009812278	0.006403032
0.020753425	0.017582445	0.025367834	0.030266362	0.020469305	-0.012806065
0.025367834	0.015585997	0.020476915	0.03805175	0.012683917	-0.006403032
0.025367834	0.004883308	0.012683917	0.028285134	0.017567225	-0.006403032
0.025367834	0.017559614	0.022435312	0.022435312	0.020492136	0
0.017328767	0.015631659	0.033183663	0.042919838	0.00781583	0
0.012683917	0.009720954	0.020507357	0.041014713	0.004860477	-0.012806065
0.012683917	0.020514967	0.017536783	0.025367834	0.012683917	-0.012806065
-0.003348554	0.012683917	0.015677321	0.03021309	0.012683917	-0.012806065
-0.012683917	0.017521563	0.009675292	0.033214105	0.012683917	-0.012806065
-0.020684932	0.025367834	0.020537798	0.030197869	0.012683917	-0.012806065
-0.025367834	0.01572552	0.012683917	0.033229325	0.012683917	-0.019209097
-0.025367834	0.004814815	0.012683917	0.020553019	0.012683917	-0.012806065
-0.025367834	0.017491121	0.007876712	0.017491121	0.017491121	0
-0.025367834	0.030167428	0	0.025367834	0.020568239	0.006403032
-0.025367834	0.02847032	-0.004791984	0.025367834	0.007891933	0.012806065
-0.025367834	0.012683917	-0.012683917	0.02058346	-0.00956621	0.012806065
-0.025367834	0.012683917	-0.012683917	0.012683917	-0.025367834	0.019209097
-0.025367834	0.012683917	-0.01745307	0.022219685	-0.025367834	0.012806065
-0.025367834	0.003163369	-0.020606291	0.028531202	-0.025367834	0.006403032
-0.025367834	-0.017435312	-0.017435312	0.012683917	-0.025367834	0.006403032
-0.025367834	-0.025367834	-0.025367834	0.007940132	-0.025367834	0.012806065
-0.025367834	-0.025367834	-0.025367834	-0.004736175	-0.025367834	0.012806065
-0.025367834	-0.025367834	-0.020639269	-0.012683917	-0.025367834	0.006403032
-0.025367834	-0.025367834	-0.012683917	-0.017404871	-0.025367834	0.006403032
-0.025367834	-0.025367834	-0.003254693	-0.025367834	-0.025367834	0.006403032
-0.025367834	-0.025367834	0.007978184	-0.025367834	-0.025367834	0.012806065
-0.025367834	-0.025367834	0.004698123	-0.025367834	-0.025367834	0.012806065
-0.017506342	-0.025367834	0.012683917	-0.025367834	-0.025367834	0.019209097
-0.012683917	-0.025367834	0.017366819	-0.025367834	-0.020684932	0.02561213
-0.012683917	-0.025367834	0.01601725	-0.025367834	-0.008008625	0.019209097
-0.004845256	-0.025367834	0.009335363	-0.025367834	0	0.006403032
0	-0.025367834	0.025367834	-0.025367834	0	0.006403032
0.00782344	-0.020715373	0.020715373	-0.025367834	-0.004652461	0.006403032
0.012683917	-0.017328767	0.017328767	-0.025367834	-0.008039066	0
0.012683917	-0.020730594	0.020730594	-0.020730594	-0.00463724	0
0.004883308	-0.012683917	0.017313546	-0.008054287	-0.008054287	0
0.007792998	-0.012683917	0.020745814	-0.004622019	0	0.006403032
0.004898529	-0.008069508	0.008069508	-0.008069508	0	0.006403032
-0.007777778	-0.004606799	0.004606799	0	-0.004606799	0
0.010626585	-0.012683917	0.008084729	-0.004599188	-0.012683917	0.006403032
0.009842719	-0.008092339	0.009183156	-0.003500761	-0.012683917	0.006403032
0	-0.004583968	0.029951801	0.003515982	-0.008099949	0
0	-0.00810756	0.028899036	-0.00810756	-0.004576357	0.006403032
0.007739726	-0.009137494	0.012683917	0	-0.012683917	0.006403032
0.020416032	-0.025367834	0.012683917	0	-0.017245053	-0.012806065
0.017643328	-0.016260781	0.012683917	0	-0.016260781	-0.02561213
0.012683917	0	0.012683917	0	-0.004545916	-0.02561213
0.012683917	-0.009074074	0.008145611	0	-0.012683917	-0.02561213
0.004982243	-0.01630898	0	-0.004530695	-0.012683917	-0.02561213
0.007694064	0	0.009043633	-0.012683917	-0.008160832	-0.02561213
0.012683917	0	0.025367834	-0.012683917	0	-0.02561213
0.005005074	0	0.016354642	-0.008176053	0	-0.02561213
0	0	-0.004500254	0	0.004500254	-0.02561213
0	0	-0.01717656	0	0.003701167	-0.02561213
0.015309488	-0.008967529	-0.020882801	0	-0.008198884	-0.019209097
0.010073567	-0.016415525	-0.012683917	-0.004477423	-0.004477423	-0.019209097
0	0	-0.017153729	-0.008214105	-0.012683917	-0.012806065
-0.007630644	0	-0.025367834	0	-0.012683917	-0.012806065
-0.012683917	-0.004452055	-0.025367834	-0.004452055	-0.012683917	-0.012806065
-0.02029934	-0.003792491	-0.025367834	-0.012683917	-0.012683917	0
-0.025367834	0.008247083	-0.025367834	-0.008247083	-0.012683917	0
-0.025367834	0	-0.025367834	0	-0.008254693	-0.006403032
-0.025367834	0	-0.025367834	0.004421613	0	-0.019209097
-0.025367834	0.004414003	-0.025367834	0.008269914	0	-0.02561213
-0.025367834	-0.000537798	-0.025367834	0	-0.004406393	-0.02561213
-0.025367834	-0.016567732	-0.016567732	-0.004398782	-0.008285134	-0.019209097
-0.025367834	-0.004391172	-0.004391172	-0.012683917	-0.008782344	-0.006403032
-0.025367834	-0.003916794	-0.008300355	-0.008300355	-0.020984272	-0.006403032
-0.025367834	0.003932014	0	0	-0.012683917	0
-0.017828513	-0.008315576	0	0	-0.012683917	0.006403032
-0.005152207	-0.008721461	0	-0.004360731	-0.017044647	0
-0.015048199	-0.025367834	-0.00435312	-0.012683917	-0.021014713	0
-0.025367834	-0.016676814	-0.012683917	-0.017029427	-0.012683917	0.006403032
-0.025367834	0	-0.012683917	-0.012354135	-0.012683917	0.006403032
-0.025367834	0	-0.017014206	0.008353628	-0.012683917	0
-0.025367834	0	-0.025367834	0.008645358	-0.017006596	0.006403032
-0.025367834	0	-0.025367834	0.025367834	-0.00810756	0.019209097
-0.017889396	-0.004307458	-0.016752917	0.029675292	0.016752917	0.012806065
-0.00521309	-0.004084221	0.004299848	0.042351598	0	0.006403032
0.007463217	0.008391679	0.012683917	0.042151192	0	0.019209097
0.005228311	-0.004284627	0.012683917	0.021083206	0	0.019209097
0.014895992	-0.004129883	0.0084069	0.012683917	0.004277017	0
0.010487062	0.012683917	0.004269406	0.012683917	0.00841451	0
0.01486555	0.012683917	0.016945713	0.012683917	0.004261796	0.006403032
0.017942669	0.012683917	0.021113648	0.016938102	0.008429731	0.006403032
0.012683917	0.012683917	0.012683917	0.029614409	0.004246575	0.012806065
0.005273973	0.016922882	0.012683917	0.033812785	0.008444952	0.012806065
-0.014802131	0.016907661	0.012683917	0.029599188	0.004231355	0.019209097
-0.010580923	0	0.012683917	0.029606799	0.012683917	0.012806065
0.014771689	0.004216134	0.008467783	0.012683917	0.012683917	0.006403032
0.010611365	0.004269406	0.004208524	0.01689244	0.008475393	0.006403032
0	-8.37139E-05	0.012683917	0.02116692	0.004200913	0
0.007364282	0.021174531	0.021067986	0.012683917	0.004299848	0
0.020040589	0.016869609	0.033866058	0.016869609	-0.008498224	0
0.018021309	0.021192288	0.025367834	0.025367834	0.004175545	0.006403032
0.005345003	0.012683917	0.021199899	0.029535769	0.008515982	0.019209097
0	0.016844242	0.016844242	0.033891426	0.004160325	0.012806065
0	0.025367834	0.021215119	0.021215119	0.016836631	0.012806065
0.007316083	0.025367834	0.008538813	0.008538813	0.012929985	0.02561213
0.005375444	0.017090309	0	0.008277524	-0.004406393	0.019209097
0.007300863	0.004129883	0.004129883	0.025367834	0.008554033	0.006403032
0.019977169	0.012683917	0.01680619	0.025367834	0.004122273	0.006403032
0.025367834	0.012683917	0.025367834	0.025367834	0.004452055	0.012806065
0.018089802	0.012683917	0.021260781	0.029474886	-0.008576865	0.019209097
0.012683917	0.008584475	0.008584475	0.033952308	0.008198884	0.019209097
0.012683917	0.004091832	0.004091832	0.025367834	0.025367834	0.012806065
0.012683917	0.016768138	0.012683917	0.025367834	0.025367834	0.006403032
0.005436327	0.021291223	0.016760528	0.021291223	0.009058853	0
0	0.016752917	0.025367834	0.020821918	-0.013160832	0.006403032
0	0.025367834	0.025367834	0.03805175	0.004561136	0
0.007224759	0.017260274	0.021314054	0.033997971	-0.004576357	0
0.012683917	0	0.008637747	0.021321664	0.016730086	0.012806065
0.019893455	0.004038559	0.004038559	0.012683917	0.017290715	0.012806065
0.018165906	0.008652968	0.016714866	0.020745814	0.004030949	0.012806065
0.005489599	0.004023338	0.021344495	0.042075089	0.008660578	0.012806065
0	0.008668189	0.012683917	0.042704211	-0.004015728	0.012806065
0	0	0.012683917	0.025367834	-0.008675799	0.012806065
0	0	0.012683917	0.025367834	-0.004000507	0.006403032
0.007163876	0	0.012683917	0.029360731	-0.00869102	0.006403032
0.012683917	0.003985287	0.016669203	0.034066464	0	0.012806065
0.012683917	0.004728564	0.021390157	0.025367834	0	0.006403032
0.005542872	-0.004743785	0.012683917	0.021397768	0.003970066	0.006403032
-0.007133435	0.020606291	0.008721461	0.012683917	0.004761542	0.006403032
0.001565195	0.030144597	0.007907154	0.020591071	-0.004776763	0
0.012683917	0.008736682	0.017475901	0.034104515	0.008736682	-0.006403032
0.005573313	0	0.011816337	0.017491121	0.003939625	-0.006403032
0.01420345	0.003932014	0.034119736	0.003932014	0.016615931	0.006403032
0.018272451	0.016608321	0.02144343	0.016608321	0.02144343	0.006403032
0.012683917	0.017536783	0.01660071	0.025367834	0.012683917	0.006403032
0.012683917	0.003909183	0.02145865	0.025367834	0.008774734	0.006403032
0.012683917	0.012683917	0.012683917	0.025367834	0.003901573	0.006403032
0.012683917	0.008789954	0.012683917	0.025367834	0.008789954	0.012806065
0.005629122	0	0.016567732	0.017597666	0	0.006403032
0	0.003876205	0.021491629	0.011631152	0	0
0.007039574	0.008815322	0.016552511	0.03805175	0	0
0.005651953	0.01158549	0.025367834	0.041912735	0	0.006403032
0.014051243	0.030342466	0.025367834	0.043026383	0	0.012806065
0.018351091	0.008838153	0.025367834	0.025367834	0.007694064	0
0.019693049	0	0.02152968	0.029205987	0.02152968	0
0.011362253	0.003830543	0.01651446	0.034221208	0.012683917	0.006403032
0.01399036	0.012683917	0.021544901	0.025367834	0.008860984	0.006403032
0.018381532	0.012683917	0.020314561	0.025367834	0.003815322	0.012806065
0.012683917	0.008876205	0.026626078	0.029175545	0.005068493	0.006403032
0.005712836	0	0.003800101	0.034251649	-0.012683917	0
0	0.003792491	0.016476408	0.029160325	-0.008891426	0
0	0.012683917	0.021582953	0.030481989	0.003784881	0.006403032
0	0.016461187	0.016461187	0.016461187	0.008906646	0.012806065
0.006940639	0.025367834	0.025367834	0.029137494	0	0.006403032
0.012683917	0.021605784	0.025367834	0.034289701	0	0
0.005758498	0.016438356	0.021613394	0.025367834	0	-0.006403032
0.006917808	0.025367834	0.012683917	0.025367834	0	-0.006403032
0.012683917	0.017889396	0.020162354	0.025367834	0	0
0.012683917	0	0.026856925	0.021636225	0	0
0.012683917	0.003723998	0.007447996	0.016407915	0	0.006403032
0.00579655	0.012683917	0.021651446	0.025367834	0	0.006403032
0	0.012683917	0.016392694	0.025367834	0	0
0	0.012683917	0.0179655	0.0179655	0	0.006403032
0.006864536	0.00899036	0.007387113	0.007387113	0	0
0.012683917	0	0.025367834	0.02905378	0	-0.006403032
0.005834602	0.003678336	0.025367834	0.034373415	-0.003678336	0
0.006841705	0.012683917	0.025367834	0.025367834	-0.009013191	0
0.005849822	0.016347032	0.025367834	0.025367834	0.003663115	0.006403032
0	0.021712329	0.021712329	0.021712329	0.009028412	0.006403032
-0.006818874	0.012683917	0.016331811	0.016331811	0	0.006403032
-0.005872653	0.009043633	0.018089802	0.025367834	0.003640284	0
0	0.003632674	0.003632674	0.025367834	0.005421106	-0.006403032
0.006796043	0.01630898	0.012683917	0.025367834	-0.009058853	0
0.012683917	0.021750381	0.01630137	0.025367834	0	0
0.012683917	0.01629376	0.025367834	0.018150685	0.003609843	0
0.005913242	0.025367834	0.025367834	0.010801624	0.016283612	0.006403032
0.006763064	0.018181126	0.021775748	0.034459665	0.018181126	0.006403032
0.005928463	0.003584475	0.012683917	0.028952308	0	0.006403032
-0.006747844	0.012683917	0.016260781	0.030895485	0	0.006403032
0.000799087	0.016253171	0.014657534	0.016253171	0	0.006403032
-0.000783866	0.02180619	-0.005558092	0.025367834	0.007125824	0.006403032
0.007493658	0.01623795	0.01623795	0.025367834	0.0218138	0.006403032
0.018650431	0.02182141	0.018272451	0.025367834	0.012683917	0.006403032
0.005974125	0.012683917	0	0.025367834	0.009145104	0
0.006702182	0.012683917	0.007064942	0.025367834	0.003531202	0
0.005989346	0.016207509	0.025367834	0.021844242	0.009160325	0.012806065
0	0.021851852	0.025367834	0.016199899	0.003515982	0.012806065
0	0.009175545	0.018351091	0.028876205	0.009175545	-0.006403032
0.00667174	0	0.003500761	0.031050228	0	-0.006403032
0.006019787	0.003493151	0.009190766	0.012683917	0	0.006403032
0.00665652	0.012683917	0.00348554	0.016169457	0	0.006403032
0.006035008	0.009205987	0.016161847	0.025367834	0	0
0	0.00347032	0.021897514	0.021897514	0.00347032	0
0	0.012683917	0.009221208	0.016146626	0.009221208	0
0	0.012683917	0.003455099	0.021912735	0	0.006403032
0	0.009236428	0.016131405	0.019578894	0	0.006403032
0	0	0.025367834	0.031171994	-0.003439878	-0.006403032
0.006603247	0.003432268	0.025367834	0.016116185	-0.012683917	-0.006403032
0.012683917	0.012683917	0.021943176	0.025367834	-0.009259259	-0.006403032
0.00609589	0.012683917	0.012683917	0.025367834	0.003417047	-0.006403032
0	0.00927448	0.016093354	0.02877727	0.00927448	0
0	0	0.021966007	0.034649924	0.003401826	0.006403032
0	0	0.012683917	0.021973617	0.012683917	0.012806065
0	0.003386606	0.009297311	0.012683917	0.009297311	0.019209097
0.006549975	0.009304921	0.006755454	0.016062912	0.003378995	0.012806065
0.019226281	0.003371385	0.0186276	0.021996449	0.012683917	0.006403032
0.012300863	0.009320142	0.003363775	0.016047692	0.012683917	0.006403032
0	0	0.012683917	0.022011669	0.012683917	0